%YAML:1.0
---
eigenvalues: !!opencv-matrix
   rows: 1204
   cols: 1
   dt: d
   data: [ 1.6742679510460523e+04, 4.1198647114760461e+03,
       2.5981388258947786e+03, 2.4368517066550389e+03,
       1.6435596939491566e+03, 1.1884646905482391e+03,
       9.3453682043594335e+02, 8.0134367125236781e+02,
       7.7639893730772530e+02, 6.3001636476522663e+02,
       5.9474089455451428e+02, 5.0836365547182021e+02,
       4.6580620035981326e+02, 4.3844664246311936e+02,
       3.3775618318456708e+02, 2.9603568753370507e+02,
       2.7834589079546964e+02, 2.6417901925385752e+02,
       2.3447540511514154e+02, 2.2652977076022546e+02,
       2.0248981256908991e+02, 1.9454528864494992e+02,
       1.7970881229468918e+02, 1.5802799157423544e+02,
       1.5690796595885467e+02, 1.5021258206009392e+02,
       1.4255508507071772e+02, 1.3734420240422497e+02,
       1.2951927162101899e+02, 1.1890768569099588e+02,
       1.1641449972782939e+02, 1.0987715410588240e+02,
       1.0452549482006643e+02, 1.0335543358135497e+02,
       9.7861201278097568e+01, 9.4045861179202944e+01,
       9.2210274510426657e+01, 8.9740162201296314e+01,
       8.5039652582915195e+01, 8.3860664425922565e+01,
       8.1300486348593139e+01, 7.7087622548782292e+01,
       7.5723119691416187e+01, 7.3485595865197894e+01,
       6.9866947208458981e+01, 6.8754384139724422e+01,
       6.6775081907046655e+01, 6.4661303934743003e+01,
       6.3170307030432156e+01, 6.0208760819730756e+01,
       5.8548902083616944e+01, 5.7384165773404227e+01,
       5.6981440210715903e+01, 5.5530097922088984e+01,
       5.3570004823964766e+01, 5.2259574175435922e+01,
       4.9731273019193047e+01, 4.8531391710475802e+01,
       4.8108955506213526e+01, 4.7765380758517800e+01,
       4.6321498006986126e+01, 4.3905897876356264e+01,
       4.3371043501841093e+01, 4.2601479145374711e+01,
       4.1859624789944675e+01, 4.0169706585760117e+01,
       3.9299447679203901e+01, 3.7582081403150688e+01,
       3.7289694813959215e+01, 3.6567515551399303e+01,
       3.5063727532778422e+01, 3.4671125565022585e+01,
       3.4264544071146055e+01, 3.3773684861383003e+01,
       3.2988522434747964e+01, 3.2221431799641032e+01,
       3.2082237629692344e+01, 3.1579242010049956e+01,
       3.1094860449883058e+01, 3.0400825848566022e+01,
       3.0127507148471391e+01, 2.9344663327943142e+01,
       2.8681219722016056e+01, 2.8265505237594358e+01,
       2.7913604912864312e+01, 2.7260552653182842e+01,
       2.7129198989928888e+01, 2.6879051665497091e+01,
       2.5980874106918257e+01, 2.5797696741231377e+01,
       2.5442252259476948e+01, 2.4590064958366685e+01,
       2.4286400991751897e+01, 2.3969455179567120e+01,
       2.3736995651610119e+01, 2.2909451980730861e+01,
       2.2669853200769296e+01, 2.2469075320033575e+01,
       2.2233388785688824e+01, 2.1859424486418462e+01,
       2.1364552427911040e+01, 2.1040620991017619e+01,
       2.0846101735283508e+01, 2.0598790001672981e+01,
       2.0472063771310577e+01, 2.0295964118437031e+01,
       1.9942484331271967e+01, 1.9702708935140912e+01,
       1.9279227099564178e+01, 1.8984792942929417e+01,
       1.8897046303873918e+01, 1.8388740526212629e+01,
       1.8062446454044583e+01, 1.7993135130993007e+01,
       1.7635944285306259e+01, 1.7392701609796802e+01,
       1.6958385847429231e+01, 1.6922469913102560e+01,
       1.6721964331799931e+01, 1.6562411008440687e+01,
       1.6475382243730337e+01, 1.6279395136397330e+01,
       1.6114666509782914e+01, 1.5963308890456043e+01,
       1.5822645585794184e+01, 1.5547496192100631e+01,
       1.5460743932185098e+01, 1.5394103781677963e+01,
       1.5138883477977876e+01, 1.4855493122640617e+01,
       1.4734176156298277e+01, 1.4484327966977512e+01,
       1.4025149066491686e+01, 1.3894415343260478e+01,
       1.3866325960071174e+01, 1.3775211827715959e+01,
       1.3672325685473846e+01, 1.3216169144037815e+01,
       1.3192651994071760e+01, 1.3008880954777954e+01,
       1.2844295139436818e+01, 1.2678700170544547e+01,
       1.2611574701982306e+01, 1.2539081577194839e+01,
       1.2325546242524943e+01, 1.2052332816893045e+01,
       1.1982155807773783e+01, 1.1864300003055096e+01,
       1.1797587978720975e+01, 1.1716778659550080e+01,
       1.1500712132083681e+01, 1.1456618425613602e+01,
       1.1261311746457293e+01, 1.1148982630731719e+01,
       1.0951526417920659e+01, 1.0875762921285386e+01,
       1.0786944879471100e+01, 1.0704601009177509e+01,
       1.0628821559883484e+01, 1.0413623733757181e+01,
       1.0296684641627403e+01, 1.0203593179888459e+01,
       1.0157371561613713e+01, 1.0063421625154737e+01,
       9.9009587249738598e+00, 9.8369572175835067e+00,
       9.7278725411551541e+00, 9.5521148217935163e+00,
       9.4882295172033082e+00, 9.4761894228833370e+00,
       9.3609490352838520e+00, 9.2442246861443884e+00,
       9.1781453961691266e+00, 9.0968172736021256e+00,
       9.0636683076813647e+00, 8.9393952305208462e+00,
       8.8316388208110190e+00, 8.7697661722411500e+00,
       8.7518185948374594e+00, 8.6596350396381183e+00,
       8.5217236986240117e+00, 8.4712570580409032e+00,
       8.4164184323225477e+00, 8.2576794007013827e+00,
       8.2287405303044689e+00, 8.1996027087262373e+00,
       8.0683786873744747e+00, 7.9545646807003392e+00,
       7.9223608549927418e+00, 7.8884232197098303e+00,
       7.8452211757084873e+00, 7.7903745196598155e+00,
       7.7189759874869681e+00, 7.6924390107166163e+00,
       7.5163926581439826e+00, 7.4963379527405536e+00,
       7.4057757687039212e+00, 7.3761361515147019e+00,
       7.2974039953702272e+00, 7.2456564491777975e+00,
       7.2106095928849774e+00, 7.1675124287049474e+00,
       7.1222308163140164e+00, 7.0776027047082914e+00,
       6.9300144573886637e+00, 6.9152779996955340e+00,
       6.8804104648425879e+00, 6.8233969752178849e+00,
       6.7697401927279479e+00, 6.7155227186361275e+00,
       6.6041595187591167e+00, 6.5947413517459230e+00,
       6.5230974674809552e+00, 6.5089377713038292e+00,
       6.4261011227687934e+00, 6.3940444608335909e+00,
       6.3488605124081996e+00, 6.2363891238043117e+00,
       6.2215525496513733e+00, 6.1940769353705125e+00,
       6.1315551678671598e+00, 6.1144566117626074e+00,
       6.0462164879960891e+00, 6.0201617092937578e+00,
       5.9679393916028038e+00, 5.9317359951081539e+00,
       5.8714000849926400e+00, 5.8203782950823033e+00,
       5.7915280678500753e+00, 5.7474075219662195e+00,
       5.7325406171671638e+00, 5.6636246570525017e+00,
       5.6418523175568742e+00, 5.6014526379235914e+00,
       5.4979707425050570e+00, 5.4453846275824391e+00,
       5.4323963231995664e+00, 5.4098942551164608e+00,
       5.3749467298552238e+00, 5.3249594171281238e+00,
       5.2930742032338864e+00, 5.2743916028146716e+00,
       5.2237913554350124e+00, 5.1917732515380042e+00,
       5.1504653659181230e+00, 5.1266987833227029e+00,
       5.1162450843019869e+00, 5.0679285860566923e+00,
       5.0043126440556804e+00, 4.9431671910913400e+00,
       4.9040071610901332e+00, 4.8839506630502267e+00,
       4.8211689507880573e+00, 4.7551742618255437e+00,
       4.7453787492908619e+00, 4.7178654287638340e+00,
       4.6984496857390559e+00, 4.6763392177383460e+00,
       4.6161053416945750e+00, 4.5960270970036596e+00,
       4.5690462097021163e+00, 4.5651253629791597e+00,
       4.5304369931861705e+00, 4.5030092574832628e+00,
       4.4823584332554960e+00, 4.4361904161469541e+00,
       4.4084240612409555e+00, 4.3867146998353892e+00,
       4.3508730564175604e+00, 4.3411533834541203e+00,
       4.3240660849908874e+00, 4.2942738186683442e+00,
       4.2335547811306879e+00, 4.1880185082095549e+00,
       4.1835541792886799e+00, 4.1378361411999069e+00,
       4.1010527327963953e+00, 4.0901959616878303e+00,
       4.0768528019580019e+00, 4.0168545582357531e+00,
       4.0020249882399597e+00, 3.9796532337283654e+00,
       3.9603040220992107e+00, 3.9218859822053456e+00,
       3.8865004326490595e+00, 3.8708476302685817e+00,
