%YAML:1.0
---
eigenvalues_l: !!opencv-matrix
   rows: 1204
   cols: 1
   dt: d
   data: [ 1.6657459229852846e+03, 3.6659533437309722e+02,
       2.2547981335315833e+02, 2.1645874298719892e+02,
       1.3922382554527886e+02, 1.0766771825400441e+02,
       7.9221847231559693e+01, 7.0464575199919835e+01,
       6.2257133585485157e+01, 4.6586612022903118e+01,
       4.5302037499885913e+01, 3.8222343881165720e+01,
       3.5480190521705318e+01, 3.1872330533207379e+01,
       2.4372096587375694e+01, 2.2563724139782284e+01,
       2.1813956385871677e+01, 2.0880722242327039e+01,
       1.6688621183879672e+01, 1.5210669571543129e+01,
       1.4194095753543099e+01, 1.3358423790581377e+01,
       1.1585120806340772e+01, 1.1161189534016925e+01,
       1.0814801145163980e+01, 9.2260551775404664e+00,
       9.1210959510757075e+00, 8.5860863172934430e+00,
       8.2300933282935489e+00, 8.0164082925601647e+00,
       7.7288624719251926e+00, 7.4590958954305622e+00,
       7.0034461624745363e+00, 6.5533144089075375e+00,
       6.3865043076412826e+00, 6.1456799242043969e+00,
       6.0824786805663331e+00, 5.5887390835443380e+00,
       5.4232764255303536e+00, 5.0126680697399593e+00,
       4.8870769133938055e+00, 4.6880051109290131e+00,
       4.4176694301627570e+00, 4.3315152737044427e+00,
       4.2118699291867632e+00, 4.1485594450248184e+00,
       4.1197222036400385e+00, 3.9759669603742385e+00,
       3.6208292344676689e+00, 3.5424982403460969e+00,
       3.4947432280384385e+00, 3.3796298392315021e+00,
       3.2015508819800251e+00, 3.0906414001840274e+00,
       3.0202798274431633e+00, 2.9109277597065475e+00,
       2.8109604765527285e+00, 2.7324511567201775e+00,
       2.6858382153682774e+00, 2.5305865332423458e+00,
       2.4987587029014295e+00, 2.3110215861533852e+00,
       2.2325633228949129e+00, 2.1627206825968996e+00,
       2.0862809252312449e+00, 2.0355967971136688e+00,
       2.0254821375801324e+00, 1.8970681701610794e+00,
       1.8774095627618312e+00, 1.8337593487840496e+00,
       1.7615564256677063e+00, 1.7080881244303503e+00,
       1.6932802166426282e+00, 1.6690894474867346e+00,
       1.6233482766215981e+00, 1.5814443726502296e+00,
       1.5061211454958292e+00, 1.4890700361281197e+00,
       1.4832996612454210e+00, 1.4151711562247764e+00,
       1.4104175664723189e+00, 1.3500460047629514e+00,
       1.3099340706341378e+00, 1.2861251952744623e+00,
       1.2800153744379728e+00, 1.1942944720541704e+00,
       1.1468090415335115e+00, 1.1325405496481551e+00,
       1.1199733772031046e+00, 1.0935476264403383e+00,
       1.0740019357890873e+00, 1.0642563702207941e+00,
       1.0370281887334298e+00, 9.8637909941641433e-01,
       9.8541369434177917e-01, 9.5837823869721928e-01,
       9.4546065629090026e-01, 9.0114463140876511e-01,
       8.8517928674408641e-01, 8.7105879570290967e-01,
       8.5722393806162223e-01, 8.2416427582945639e-01,
       8.1916787301605953e-01, 8.0640276099191410e-01,
       7.8288493133216008e-01, 7.6059775207431857e-01,
       7.5565618223141406e-01, 7.3857603561240381e-01,
       7.2070563389135700e-01, 7.0219523859981736e-01,
       6.8686101620843609e-01, 6.6956380511347546e-01,
       6.5976975577401742e-01, 6.5127258383832332e-01,
       6.2612343118668901e-01, 6.0669096993386395e-01,
       5.9861158901540568e-01, 5.8060556173436229e-01,
       5.6900967468300490e-01, 5.5932022788502433e-01,
       5.5015192038653382e-01, 5.4085639511624384e-01,
       5.3006399895870937e-01, 5.2836838436148359e-01,
       5.1595542384220139e-01, 5.1151808608604510e-01,
       4.9586487881113339e-01, 4.8802918375853471e-01,
       4.8329959005704132e-01, 4.7740629486420799e-01,
       4.6495803755312759e-01, 4.4728229161139249e-01,
       4.4243930792575392e-01, 4.2756509847079688e-01,
       4.1898982989615929e-01, 4.1508598698217813e-01,
       4.0282933143849142e-01, 3.9393025196000725e-01,
       3.8867862071618353e-01, 3.8598257193525509e-01,
       3.7944759873800898e-01, 3.7302982886152647e-01,
       3.6305838718263161e-01, 3.5535931754909017e-01,
       3.4784320838443566e-01, 3.3997451990396249e-01,
       3.3564737963901303e-01, 3.2882480196420238e-01,
       3.2650418145848403e-01, 3.2222077706569313e-01,
       3.1463363782741977e-01, 3.0750325260253847e-01,
       2.9952328933456268e-01, 2.9389802925231290e-01,
       2.9183649588129629e-01, 2.9026843797234125e-01,
       2.8574957149645447e-01, 2.8152336688669966e-01,
       2.7291026072934310e-01, 2.6751398354152889e-01,
       2.6530633546229104e-01, 2.6103604364011557e-01,
       2.5616035199737830e-01, 2.4982596052116590e-01,
       2.4645881060111158e-01, 2.4010312026842637e-01,
       2.3830448002920837e-01, 2.3706542846073086e-01,
       2.3330878508569181e-01, 2.2614690461358342e-01,
       2.2234184138702839e-01, 2.1970389599244369e-01,
       2.1504667398678576e-01, 2.0995038206483274e-01,
       2.0498547431247649e-01, 2.0098854039600320e-01,
       1.9959443262171925e-01, 1.9742993060453082e-01,
       1.9426246996153415e-01, 1.9259739203616041e-01,
       1.8748664505061496e-01, 1.8395757106644789e-01,
       1.7734606149193588e-01, 1.7328391247732194e-01,
       1.7221087980168148e-01, 1.7014338534529219e-01,
       1.6558697623578014e-01, 1.6528719487214971e-01,
       1.6201668800771743e-01, 1.6121319975075107e-01,
       1.5818363902015808e-01, 1.5279199975063965e-01,
       1.5060974671041927e-01, 1.4971155409075113e-01,
       1.4922267464727371e-01, 1.4630347352339704e-01,
       1.4395098646280541e-01, 1.4061511745314190e-01,
       1.3933113163853506e-01, 1.3609208191885144e-01,
       1.3459234751538460e-01, 1.3072784087024567e-01,
       1.2945431635471411e-01, 1.2600213889258544e-01,
       1.2430292881677438e-01, 1.2286370196135160e-01,
       1.2073382277463410e-01, 1.1853075339519507e-01,
       1.1503564588128229e-01, 1.1249247250898749e-01,
       1.1021437988993428e-01, 1.0782987700276825e-01,
       1.0662021459627506e-01, 1.0358295848548851e-01,
       1.0249846035273891e-01, 1.0147998002996761e-01,
       1.0102455589409819e-01, 9.9852507240970154e-02,
       9.7706606889928369e-02, 9.5782184833931486e-02,
       9.4806376702922482e-02, 9.2602612936832404e-02,
       9.1693282441813836e-02, 8.9524699561977561e-02,
       8.8404640585235506e-02, 8.6685614296640706e-02,
       8.5446180181831755e-02, 8.2602937028381687e-02,
       8.1208666522636377e-02, 8.0286532096713673e-02,
       7.9123308425814262e-02, 7.7470039263762960e-02,
       7.6388535592368370e-02, 7.6099307699778018e-02,
       7.3197068702780227e-02, 7.2072556511080563e-02,
       6.9842651959666074e-02, 6.9305087310361543e-02,
       6.8470756508368966e-02, 6.7961093535745212e-02,
       6.6980141928123571e-02, 6.5219719170879403e-02,
       6.4101600970341635e-02, 6.1954839237352809e-02,
       6.1661585327022206e-02, 6.0869749162235635e-02,
       6.0055801268215893e-02, 5.8520417393885853e-02,
       5.7774396040681394e-02, 5.6272614177896731e-02,
       5.5414631448407803e-02, 5.4058113852920732e-02,
       5.3590087231591026e-02, 5.2898029051957972e-02,
       5.1936792702553795e-02, 4.9882367993759127e-02,
       4.8947006042589877e-02, 4.8574306502530751e-02,
       4.7413894718421987e-02, 4.6491063209102054e-02,
       4.6109117236937072e-02, 4.5531680126513922e-02,
       4.4501534396205147e-02, 4.3743867684380058e-02,
       4.2212300059440273e-02, 4.1111878114246728e-02,
       4.0582826338849853e-02, 3.9976457392155752e-02,
       3.7809838180293251e-02, 3.7343315112403720e-02,
       3.6577091093249796e-02, 3.6314671524400752e-02,
       3.5932982325426577e-02, 3.5154773493600314e-02,
       3.4564707560991906e-02, 3.3854879584441555e-02,
       3.3281901536134278e-02, 3.2562650290988163e-02,
       3.2207596932634364e-02, 3.1340841393440372e-02,
       3.0644401512862535e-02, 2.9677075005475645e-02,
       2.8985819099876423e-02, 2.8521029267872630e-02,
       2.8210264921846039e-02, 2.7794036481816886e-02,
