%YAML:1.0
---
eigenvalues_b: !!opencv-matrix
   rows: 1139
   cols: 1
   dt: d
   data: [ 1.5631067151885884e+04, 4.0103767580097442e+03,
       2.4630983390897559e+03, 2.2335626037297880e+03,
       1.5630520583165728e+03, 1.1040306666721835e+03,
       8.8880210330049022e+02, 7.6240202199434498e+02,
       7.1356321014947298e+02, 5.8331590248242583e+02,
       5.4582995780788474e+02, 4.7586798545772808e+02,
       4.2891949684278444e+02, 4.0580010019984246e+02,
       3.1864843314131167e+02, 2.8213886278555111e+02,
       2.5771095296914461e+02, 2.4842607861508316e+02,
       2.2069549770612790e+02, 2.1263851871425072e+02,
       1.9255808548607388e+02, 1.8399678140894676e+02,
       1.6889197873153967e+02, 1.4834076395642685e+02,
       1.4358285394153711e+02, 1.3692938875398801e+02,
       1.3483677501792209e+02, 1.2750918986916875e+02,
       1.2370500279840870e+02, 1.1279266945897520e+02,
       1.0983345913335391e+02, 1.0285751522924494e+02,
       1.0040654391650368e+02, 9.6496934538431518e+01,
       9.1089957846300521e+01, 8.9093167787416931e+01,
       8.5638635907756679e+01, 8.2964632542418670e+01,
       8.1197081068306076e+01, 7.7282818816459880e+01,
       7.6491018938880799e+01, 7.2724143452042057e+01,
       6.9746705068901335e+01, 6.8381018535226886e+01,
       6.4867963113311475e+01, 6.4491080322245949e+01,
       6.2575543478037240e+01, 6.0794517586320310e+01,
       5.7968357307892454e+01, 5.6490933468478090e+01,
       5.4858406623146379e+01, 5.4047937154678145e+01,
       5.3568751020504131e+01, 5.2721968368709184e+01,
       5.0262528040378122e+01, 4.9936153736974624e+01,
       4.6102907584951176e+01, 4.5130703330662648e+01,
       4.4734785529629498e+01, 4.3276943344527105e+01,
       4.2535482339776173e+01, 4.1849821071217740e+01,
       4.0553327186496993e+01, 4.0386741048426337e+01,
       3.8851546042742513e+01, 3.7961091666650503e+01,
       3.6550933444319085e+01, 3.5182509101486481e+01,
       3.4906227003777872e+01, 3.4377445499580126e+01,
       3.3590224011441421e+01, 3.2826445236760307e+01,
       3.2725125074702582e+01, 3.2095549861687743e+01,
       3.1459724327373728e+01, 3.0765108725547851e+01,
       3.0166909625710847e+01, 2.9223064352047921e+01,
       2.9207618796676414e+01, 2.8645413038355844e+01,
       2.8307577523210799e+01, 2.7639344412578296e+01,
       2.6958574959473804e+01, 2.6474510004531322e+01,
       2.6101894581816307e+01, 2.5549056340688683e+01,
       2.5022376624674486e+01, 2.4888906074158484e+01,
       2.4197170055497342e+01, 2.4022146497309073e+01,
       2.3856085124617284e+01, 2.3062562047973760e+01,
       2.2658207774876907e+01, 2.2290972553178197e+01,
       2.1846019823693187e+01, 2.1504634419601441e+01,
       2.1121401040455201e+01, 2.0908316433159889e+01,
       2.0628661056994048e+01, 2.0499466275057781e+01,
       2.0447993515712046e+01, 1.9862847195957894e+01,
       1.9607200971850290e+01, 1.9447759153014541e+01,
       1.9173113092591290e+01, 1.8979207831833762e+01,
       1.8626683748238349e+01, 1.8337232779927145e+01,
       1.8193019013872139e+01, 1.7860553736526498e+01,
       1.7627342305075928e+01, 1.7458818446831966e+01,
       1.7084923738497984e+01, 1.6686008911323064e+01,
       1.6496443914559169e+01, 1.6182309243836229e+01,
       1.6025336807006017e+01, 1.5920889833829161e+01,
       1.5669481875145513e+01, 1.5496136085542068e+01,
       1.5230915283000344e+01, 1.5211051872455664e+01,
       1.5061806015149092e+01, 1.4801701921906474e+01,
       1.4750414439603151e+01, 1.4680523149915427e+01,
       1.4349834084418085e+01, 1.4217158629348397e+01,
       1.4130605443268699e+01, 1.4026385466678059e+01,
       1.3586924696552213e+01, 1.3352692684185772e+01,
       1.3298288695316982e+01, 1.3236666409664680e+01,
       1.3035734605174849e+01, 1.2765260137069927e+01,
       1.2592366080371898e+01, 1.2320035275772971e+01,
       1.2220806876567885e+01, 1.2134130971827759e+01,
       1.1998214460911237e+01, 1.1877856065608555e+01,
       1.1704440871657180e+01, 1.1626381637274154e+01,
       1.1454972996662217e+01, 1.1240161376562398e+01,
       1.1148020874900952e+01, 1.1050085742878005e+01,
       1.0907223801635491e+01, 1.0806693745853217e+01,
       1.0773190911214051e+01, 1.0670323301263698e+01,
       1.0529883071446651e+01, 1.0371622905262431e+01,
       1.0273954813053916e+01, 1.0088834706286516e+01,
       1.0032357174844622e+01, 9.9182427613680364e+00,
       9.8252005722685283e+00, 9.7744143376105441e+00,
       9.6921663387882386e+00, 9.5441247090820731e+00,
       9.4782805782584987e+00, 9.2638261042095262e+00,
       9.2365090642095318e+00, 9.1643147455559433e+00,
       9.0469581408789796e+00, 9.0046381185516751e+00,
       8.9039259411623650e+00, 8.8523063260123251e+00,
       8.7999975111631361e+00, 8.7422788521187780e+00,
       8.5916151223061092e+00, 8.5437306525773788e+00,
       8.4175923935785590e+00, 8.3545875320494680e+00,
       8.2981267129495819e+00, 8.2013967248703761e+00,
       8.1122508874928823e+00, 8.0083616338162749e+00,
       7.9704705866858125e+00, 7.9139520410396837e+00,
       7.8873884006940216e+00, 7.8150594351769600e+00,
       7.7266061334163263e+00, 7.6309532822463799e+00,
       7.5720194352800876e+00, 7.5377376882391527e+00,
       7.5035074045392296e+00, 7.4593094172499796e+00,
       7.3595688222577822e+00, 7.2893713095186357e+00,
       7.2339022348019704e+00, 7.0796006047859086e+00,
       7.0377238195572751e+00, 6.9987102176648106e+00,
       6.9309599002908664e+00, 6.8868270393094368e+00,
       6.8528019598921119e+00, 6.8040174234174904e+00,
       6.7027119250695968e+00, 6.6662992647942740e+00,
       6.5698247170529420e+00, 6.5189875865508835e+00,
       6.4842975777051644e+00, 6.4116422332331426e+00,
       6.3970028885672710e+00, 6.3183122524563284e+00,
       6.2958503624968856e+00, 6.2686955366503891e+00,
       6.2028464514140955e+00, 6.1277674818620786e+00,
       6.0984575689619920e+00, 6.0428764117735065e+00,
       5.9949602929722801e+00, 5.9407798405834873e+00,
       5.9322557986591855e+00, 5.8830388450057525e+00,
       5.8302391809841376e+00, 5.7362895634378912e+00,
       5.7066054506516171e+00, 5.6516540766336751e+00,
       5.6437041101622221e+00, 5.5758284998222347e+00,
       5.5274492322440825e+00, 5.4598953502208705e+00,
       5.4550647223265427e+00, 5.3912801773677597e+00,
       5.3576376250045383e+00, 5.3013895352870311e+00,
       5.2662776879658226e+00, 5.2469782243255851e+00,
       5.2131083327904717e+00, 5.1396086753471879e+00,
       5.1367769323732988e+00, 5.1000574135797105e+00,
       5.0660754949341511e+00, 5.0387849269078924e+00,
       4.9932612776640033e+00, 4.9705242143079129e+00,
       4.9292398254229788e+00, 4.8816163452014445e+00,
       4.8531037310831238e+00, 4.8447379148613994e+00,
       4.7640378276411992e+00, 4.7275250358106442e+00,
       4.6821857200298869e+00, 4.6684518197689915e+00,
       4.6234045635805652e+00, 4.6037909120230642e+00,
       4.5607393462690142e+00, 4.5103159595401294e+00,
       4.5013162569250129e+00, 4.4343671387094261e+00,
       4.4263099426206276e+00, 4.3967807771756160e+00,
       4.3764677337650868e+00, 4.3535935581305321e+00,
       4.3345421369600849e+00, 4.3049705174050414e+00,
       4.2817912338089901e+00, 4.2674050612724139e+00,
       4.2032760900264918e+00, 4.1525995720934947e+00,
       4.1436950123118370e+00, 4.1224808305599572e+00,
       4.1130896019743117e+00, 4.0504266790585506e+00,
       4.0025249757590089e+00, 3.9933995640317663e+00,
       3.9397418067727803e+00, 3.9303871505629711e+00,
       3.8999225065539447e+00, 3.8917143920275183e+00,
       3.8565499277794144e+00, 3.8199151250305299e+00,
       3.7878053181963827e+00, 3.7730335030356992e+00,
       3.7447599025543603e+00, 3.7366362318451656e+00,
       3.7046455123387547e+00, 3.6556782950192099e+00,
       3.6440779936954097e+00, 3.6140549987296811e+00,
       3.5904217190416690e+00, 3.5749444300062003e+00,
